17
>Cabomba_caroliniana_KT705317 -0.00 1.65 2.13 7.37 2.21 2.62 2.13 2.48 2.56 Infinity 1.99 2.67 1.99 2.48 2.43 2.48 2.53 
>Brasenia_schreberi_NC_031343 1.65 -0.00 1.54 4.94 1.80 1.99 1.54 1.97 2.05 4.94 1.48 2.19 1.48 1.96 1.94 1.97 2.09 
>Nuphar_advena_NC_008788 2.13 1.54 -0.00 5.14 0.91 1.19 -0.00 1.00 1.07 5.14 0.16 1.14 0.16 1.16 1.08 1.00 1.14 
>Trithuria_inconspicua_NC_020372 7.37 4.94 5.14 -0.00 5.14 5.14 5.14 5.14 5.14 0.16 5.14 5.14 5.14 5.14 5.14 5.14 5.14 
>Barclaya_kunstleri_KY392762 2.21 1.80 0.91 5.14 -0.00 0.87 0.91 1.06 1.13 5.14 0.79 1.18 0.79 1.19 1.19 1.06 1.18 
>Barclaya_longifolia_KY284156 2.62 1.99 1.19 5.14 0.87 -0.00 1.19 1.15 1.28 5.14 1.07 1.38 1.07 1.36 1.35 1.15 1.38 
>Nuphar_longifolia_MH050795 2.13 1.54 -0.00 5.14 0.91 1.19 -0.00 1.00 1.07 5.14 0.16 1.14 0.16 1.16 1.08 1.00 1.14 
>Nymphaea_alba_KU234277 2.48 1.97 1.00 5.14 1.06 1.15 1.00 -0.00 0.31 5.14 0.94 0.37 0.94 0.47 0.31 -0.00 0.40 
>Victoria_cruziana_KY001813 2.56 2.05 1.07 5.14 1.13 1.28 1.07 0.31 -0.00 5.14 1.02 0.29 1.02 0.48 0.46 0.31 0.40 
>Trithuria_filamentosa_KF696682 Infinity 4.94 5.14 0.16 5.14 5.14 5.14 5.14 5.14 -0.00 5.14 5.14 5.14 5.14 5.14 5.14 5.14 
>Nuphar_shimadae_MH050797 1.99 1.48 0.16 5.14 0.79 1.07 0.16 0.94 1.02 5.14 -0.00 1.08 -0.00 1.09 1.01 0.94 1.09 
>Euryale_ferox_KY392765 2.67 2.19 1.14 5.14 1.18 1.38 1.14 0.37 0.29 5.14 1.08 -0.00 1.08 0.56 0.55 0.37 0.46 
>Nuphar_pumila_MH050796 1.99 1.48 0.16 5.14 0.79 1.07 0.16 0.94 1.02 5.14 -0.00 1.08 -0.00 1.09 1.01 0.94 1.09 
>Nymphaea_ampla_KU189255 2.48 1.96 1.16 5.14 1.19 1.36 1.16 0.47 0.48 5.14 1.09 0.56 1.09 -0.00 0.59 0.47 0.57 
>Nymphaea_mexicana_NC_024542 2.43 1.94 1.08 5.14 1.19 1.35 1.08 0.31 0.46 5.14 1.01 0.55 1.01 0.59 -0.00 0.31 0.54 
>Nymphaea_alba_NC_006050 2.48 1.97 1.00 5.14 1.06 1.15 1.00 -0.00 0.31 5.14 0.94 0.37 0.94 0.47 0.31 -0.00 0.40 
>Nymphaea_jamesoniana_NC_031826 2.53 2.09 1.14 5.14 1.18 1.38 1.14 0.40 0.40 5.14 1.09 0.46 1.09 0.57 0.54 0.40 -0.00 
