17
>Cabomba_caroliniana_KT705317 -0.00 2.27 2.97 Infinity 3.06 3.84 2.97 3.30 3.28 Infinity 2.86 3.72 2.86 3.27 3.27 3.30 3.27 
>Brasenia_schreberi_NC_031343 2.27 -0.00 2.16 5.75 2.50 2.59 2.16 2.64 2.76 5.75 2.11 3.09 2.11 2.66 2.57 2.64 2.88 
>Nuphar_advena_NC_008788 2.97 2.16 -0.00 6.26 1.30 1.66 -0.00 1.40 1.51 6.26 0.24 1.66 0.24 1.65 1.56 1.40 1.56 
>Trithuria_inconspicua_NC_020372 Infinity 5.75 6.26 -0.00 6.26 6.26 6.26 6.26 6.26 0.22 6.26 6.26 6.26 6.26 6.26 6.26 6.26 
>Barclaya_kunstleri_KY392762 3.06 2.50 1.30 6.26 -0.00 1.26 1.30 1.55 1.67 6.26 1.09 1.71 1.09 1.69 1.76 1.55 1.69 
>Barclaya_longifolia_KY284156 3.84 2.59 1.66 6.26 1.26 -0.00 1.66 1.62 1.81 6.26 1.49 1.95 1.49 1.96 1.87 1.62 1.92 
>Nuphar_longifolia_MH050795 2.97 2.16 -0.00 6.26 1.30 1.66 -0.00 1.40 1.51 6.26 0.24 1.66 0.24 1.65 1.56 1.40 1.56 
>Nymphaea_alba_KU234277 3.30 2.64 1.40 6.26 1.55 1.62 1.40 -0.00 0.43 6.26 1.30 0.53 1.30 0.70 0.44 -0.00 0.56 
>Victoria_cruziana_KY001813 3.28 2.76 1.51 6.26 1.67 1.81 1.51 0.43 -0.00 6.26 1.45 0.43 1.45 0.69 0.63 0.43 0.59 
>Trithuria_filamentosa_KF696682 Infinity 5.75 6.26 0.22 6.26 6.26 6.26 6.26 6.26 -0.00 6.26 6.26 6.26 6.26 6.26 6.26 6.26 
>Nuphar_shimadae_MH050797 2.86 2.11 0.24 6.26 1.09 1.49 0.24 1.30 1.45 6.26 -0.00 1.54 -0.00 1.53 1.46 1.30 1.47 
>Euryale_ferox_KY392765 3.72 3.09 1.66 6.26 1.71 1.95 1.66 0.53 0.43 6.26 1.54 -0.00 1.54 0.83 0.79 0.53 0.67 
>Nuphar_pumila_MH050796 2.86 2.11 0.24 6.26 1.09 1.49 0.24 1.30 1.45 6.26 -0.00 1.54 -0.00 1.53 1.46 1.30 1.47 
>Nymphaea_ampla_KU189255 3.27 2.66 1.65 6.26 1.69 1.96 1.65 0.70 0.69 6.26 1.53 0.83 1.53 -0.00 0.83 0.70 0.82 
>Nymphaea_mexicana_NC_024542 3.27 2.57 1.56 6.26 1.76 1.87 1.56 0.44 0.63 6.26 1.46 0.79 1.46 0.83 -0.00 0.44 0.78 
>Nymphaea_alba_NC_006050 3.30 2.64 1.40 6.26 1.55 1.62 1.40 -0.00 0.43 6.26 1.30 0.53 1.30 0.70 0.44 -0.00 0.56 
>Nymphaea_jamesoniana_NC_031826 3.27 2.88 1.56 6.26 1.69 1.92 1.56 0.56 0.59 6.26 1.47 0.67 1.47 0.82 0.78 0.56 -0.00 
