17
>Cabomba_caroliniana_KT705317 -0.00 1.40 2.17 Infinity 2.14 2.66 2.17 1.91 1.90 Infinity 1.91 1.90 1.91 1.97 1.87 1.91 1.98 
>Brasenia_schreberi_NC_031343 1.40 -0.00 1.22 Infinity 1.51 1.85 1.22 1.11 1.22 Infinity 0.97 1.27 0.97 1.25 1.06 1.11 1.30 
>Nuphar_advena_NC_008788 2.17 1.22 -0.00 Infinity 1.28 1.59 -0.00 1.05 1.18 Infinity 0.40 1.12 0.40 1.21 1.00 1.05 1.11 
>Trithuria_inconspicua_NC_020372 Infinity Infinity Infinity -0.00 Infinity Infinity Infinity Infinity Infinity 0.31 Infinity Infinity Infinity Infinity Infinity Infinity Infinity 
>Barclaya_kunstleri_KY392762 2.14 1.51 1.28 Infinity -0.00 1.12 1.28 0.91 1.02 Infinity 0.90 1.02 0.90 1.08 0.87 0.91 0.99 
>Barclaya_longifolia_KY284156 2.66 1.85 1.59 Infinity 1.12 -0.00 1.59 1.14 1.37 Infinity 1.31 1.51 1.31 1.12 1.10 1.14 1.26 
>Nuphar_longifolia_MH050795 2.17 1.22 -0.00 Infinity 1.28 1.59 -0.00 1.05 1.18 Infinity 0.40 1.12 0.40 1.21 1.00 1.05 1.11 
>Nymphaea_alba_KU234277 1.91 1.11 1.05 Infinity 0.91 1.14 1.05 -0.00 0.45 Infinity 0.59 0.49 0.59 0.30 0.10 -0.00 0.40 
>Victoria_cruziana_KY001813 1.90 1.22 1.18 Infinity 1.02 1.37 1.18 0.45 -0.00 Infinity 0.76 0.20 0.76 0.55 0.35 0.45 0.42 
>Trithuria_filamentosa_KF696682 Infinity Infinity Infinity 0.31 Infinity Infinity Infinity Infinity Infinity -0.00 Infinity Infinity Infinity Infinity Infinity Infinity Infinity 
>Nuphar_shimadae_MH050797 1.91 0.97 0.40 Infinity 0.90 1.31 0.40 0.59 0.76 Infinity -0.00 0.71 -0.00 0.75 0.55 0.59 0.79 
>Euryale_ferox_KY392765 1.90 1.27 1.12 Infinity 1.02 1.51 1.12 0.49 0.20 Infinity 0.71 -0.00 0.71 0.59 0.38 0.49 0.46 
>Nuphar_pumila_MH050796 1.91 0.97 0.40 Infinity 0.90 1.31 0.40 0.59 0.76 Infinity -0.00 0.71 -0.00 0.75 0.55 0.59 0.79 
>Nymphaea_ampla_KU189255 1.97 1.25 1.21 Infinity 1.08 1.12 1.21 0.30 0.55 Infinity 0.75 0.59 0.75 -0.00 0.20 0.30 0.50 
>Nymphaea_mexicana_NC_024542 1.87 1.06 1.00 Infinity 0.87 1.10 1.00 0.10 0.35 Infinity 0.55 0.38 0.55 0.20 -0.00 0.10 0.30 
>Nymphaea_alba_NC_006050 1.91 1.11 1.05 Infinity 0.91 1.14 1.05 -0.00 0.45 Infinity 0.59 0.49 0.59 0.30 0.10 -0.00 0.40 
>Nymphaea_jamesoniana_NC_031826 1.98 1.30 1.11 Infinity 0.99 1.26 1.11 0.40 0.42 Infinity 0.79 0.46 0.79 0.50 0.30 0.40 -0.00 
