17
>Cabomba_caroliniana_KT705317 -0.00 0.31 0.42 1.47 0.48 0.53 0.42 0.48 0.49 1.49 0.40 0.50 0.40 0.50 0.50 0.48 0.50 
>Brasenia_schreberi_NC_031343 0.31 -0.00 0.29 1.45 0.37 0.42 0.29 0.36 0.37 1.46 0.28 0.39 0.28 0.38 0.39 0.36 0.39 
>Nuphar_advena_NC_008788 0.42 0.29 -0.00 1.38 0.17 0.22 -0.00 0.19 0.21 1.38 0.02 0.21 0.02 0.22 0.21 0.19 0.22 
>Trithuria_inconspicua_NC_020372 1.47 1.45 1.38 -0.00 1.39 1.42 1.38 1.42 1.44 0.03 1.39 1.44 1.39 1.44 1.44 1.42 1.43 
>Barclaya_kunstleri_KY392762 0.48 0.37 0.17 1.39 -0.00 0.14 0.17 0.19 0.20 1.40 0.16 0.22 0.16 0.22 0.22 0.19 0.22 
>Barclaya_longifolia_KY284156 0.53 0.42 0.22 1.42 0.14 -0.00 0.22 0.22 0.24 1.43 0.21 0.26 0.21 0.26 0.26 0.22 0.26 
>Nuphar_longifolia_MH050795 0.42 0.29 -0.00 1.38 0.17 0.22 -0.00 0.19 0.21 1.38 0.02 0.21 0.02 0.22 0.21 0.19 0.22 
>Nymphaea_alba_KU234277 0.48 0.36 0.19 1.42 0.19 0.22 0.19 -0.00 0.05 1.43 0.18 0.07 0.18 0.07 0.06 -0.00 0.07 
>Victoria_cruziana_KY001813 0.49 0.37 0.21 1.44 0.20 0.24 0.21 0.05 -0.00 1.45 0.19 0.05 0.19 0.08 0.08 0.05 0.06 
>Trithuria_filamentosa_KF696682 1.49 1.46 1.38 0.03 1.40 1.43 1.38 1.43 1.45 -0.00 1.39 1.45 1.39 1.45 1.44 1.43 1.43 
>Nuphar_shimadae_MH050797 0.40 0.28 0.02 1.39 0.16 0.21 0.02 0.18 0.19 1.39 -0.00 0.20 -0.00 0.20 0.20 0.18 0.20 
>Euryale_ferox_KY392765 0.50 0.39 0.21 1.44 0.22 0.26 0.21 0.07 0.05 1.45 0.20 -0.00 0.20 0.09 0.10 0.07 0.07 
>Nuphar_pumila_MH050796 0.40 0.28 0.02 1.39 0.16 0.21 0.02 0.18 0.19 1.39 -0.00 0.20 -0.00 0.20 0.20 0.18 0.20 
>Nymphaea_ampla_KU189255 0.50 0.38 0.22 1.44 0.22 0.26 0.22 0.07 0.08 1.45 0.20 0.09 0.20 -0.00 0.10 0.07 0.09 
>Nymphaea_mexicana_NC_024542 0.50 0.39 0.21 1.44 0.22 0.26 0.21 0.06 0.08 1.44 0.20 0.10 0.20 0.10 -0.00 0.06 0.09 
>Nymphaea_alba_NC_006050 0.48 0.36 0.19 1.42 0.19 0.22 0.19 -0.00 0.05 1.43 0.18 0.07 0.18 0.07 0.06 -0.00 0.07 
>Nymphaea_jamesoniana_NC_031826 0.50 0.39 0.22 1.43 0.22 0.26 0.22 0.07 0.06 1.43 0.20 0.07 0.20 0.09 0.09 0.07 -0.00 
