17
>Cabomba_caroliniana_KT705317 -0.00 2.76 3.76 Infinity 3.92 5.40 3.76 4.12 4.06 Infinity 3.74 4.84 3.74 4.06 4.06 4.12 4.06 
>Brasenia_schreberi_NC_031343 2.76 -0.00 2.90 Infinity 3.24 3.25 2.90 3.49 3.73 Infinity 2.83 4.15 2.83 3.56 3.37 3.49 4.14 
>Nuphar_advena_NC_008788 3.76 2.90 -0.00 Infinity 1.69 2.20 -0.00 1.79 1.91 Infinity 0.33 2.12 0.33 2.10 2.02 1.79 1.99 
>Trithuria_inconspicua_NC_020372 Infinity Infinity Infinity -0.00 Infinity Infinity Infinity Infinity Infinity 0.29 Infinity Infinity Infinity Infinity Infinity Infinity Infinity 
>Barclaya_kunstleri_KY392762 3.92 3.24 1.69 Infinity -0.00 1.66 1.69 2.10 2.29 Infinity 1.38 2.26 1.38 2.24 2.34 2.10 2.21 
>Barclaya_longifolia_KY284156 5.40 3.25 2.20 Infinity 1.66 -0.00 2.20 2.08 2.27 Infinity 1.96 2.36 1.96 2.53 2.36 2.08 2.37 
>Nuphar_longifolia_MH050795 3.76 2.90 -0.00 Infinity 1.69 2.20 -0.00 1.79 1.91 Infinity 0.33 2.12 0.33 2.10 2.02 1.79 1.99 
>Nymphaea_alba_KU234277 4.12 3.49 1.79 Infinity 2.10 2.08 1.79 -0.00 0.54 Infinity 1.65 0.68 1.65 0.95 0.58 -0.00 0.71 
>Victoria_cruziana_KY001813 4.06 3.73 1.91 Infinity 2.29 2.27 1.91 0.54 -0.00 Infinity 1.84 0.57 1.84 0.89 0.80 0.54 0.74 
>Trithuria_filamentosa_KF696682 Infinity Infinity Infinity 0.29 Infinity Infinity Infinity Infinity Infinity -0.00 Infinity Infinity Infinity Infinity Infinity Infinity Infinity 
>Nuphar_shimadae_MH050797 3.74 2.83 0.33 Infinity 1.38 1.96 0.33 1.65 1.84 Infinity -0.00 1.94 -0.00 1.92 1.86 1.65 1.83 
>Euryale_ferox_KY392765 4.84 4.15 2.12 Infinity 2.26 2.36 2.12 0.68 0.57 Infinity 1.94 -0.00 1.94 1.10 1.05 0.68 0.86 
>Nuphar_pumila_MH050796 3.74 2.83 0.33 Infinity 1.38 1.96 0.33 1.65 1.84 Infinity -0.00 1.94 -0.00 1.92 1.86 1.65 1.83 
>Nymphaea_ampla_KU189255 4.06 3.56 2.10 Infinity 2.24 2.53 2.10 0.95 0.89 Infinity 1.92 1.10 1.92 -0.00 1.06 0.95 1.08 
>Nymphaea_mexicana_NC_024542 4.06 3.37 2.02 Infinity 2.34 2.36 2.02 0.58 0.80 Infinity 1.86 1.05 1.86 1.06 -0.00 0.58 1.01 
>Nymphaea_alba_NC_006050 4.12 3.49 1.79 Infinity 2.10 2.08 1.79 -0.00 0.54 Infinity 1.65 0.68 1.65 0.95 0.58 -0.00 0.71 
>Nymphaea_jamesoniana_NC_031826 4.06 4.14 1.99 Infinity 2.21 2.37 1.99 0.71 0.74 Infinity 1.83 0.86 1.83 1.08 1.01 0.71 -0.00 
