17
>Cabomba_caroliniana_KT705317 -0.00 0.53 0.75 3.50 0.75 0.83 0.75 0.62 0.61 3.68 0.65 0.63 0.65 0.64 0.60 0.62 0.66 
>Brasenia_schreberi_NC_031343 0.53 -0.00 0.39 3.68 0.53 0.60 0.39 0.36 0.39 3.66 0.32 0.42 0.32 0.39 0.33 0.36 0.41 
>Nuphar_advena_NC_008788 0.75 0.39 -0.00 3.47 0.44 0.51 -0.00 0.31 0.38 3.45 0.11 0.35 0.11 0.34 0.29 0.31 0.35 
>Trithuria_inconspicua_NC_020372 3.50 3.68 3.47 -0.00 3.29 3.29 3.47 3.37 3.45 0.10 3.47 3.37 3.47 3.37 3.37 3.37 3.37 
>Barclaya_kunstleri_KY392762 0.75 0.53 0.44 3.29 -0.00 0.37 0.44 0.32 0.37 3.30 0.34 0.35 0.34 0.35 0.29 0.32 0.37 
>Barclaya_longifolia_KY284156 0.83 0.60 0.51 3.29 0.37 -0.00 0.51 0.38 0.44 3.30 0.42 0.44 0.42 0.38 0.35 0.38 0.41 
>Nuphar_longifolia_MH050795 0.75 0.39 -0.00 3.47 0.44 0.51 -0.00 0.31 0.38 3.45 0.11 0.35 0.11 0.34 0.29 0.31 0.35 
>Nymphaea_alba_KU234277 0.62 0.36 0.31 3.37 0.32 0.38 0.31 -0.00 0.14 3.36 0.20 0.14 0.20 0.09 0.03 -0.00 0.11 
>Victoria_cruziana_KY001813 0.61 0.39 0.38 3.45 0.37 0.44 0.38 0.14 -0.00 3.43 0.26 0.06 0.26 0.17 0.11 0.14 0.14 
>Trithuria_filamentosa_KF696682 3.68 3.66 3.45 0.10 3.30 3.30 3.45 3.36 3.43 -0.00 3.45 3.36 3.45 3.37 3.36 3.36 3.36 
>Nuphar_shimadae_MH050797 0.65 0.32 0.11 3.47 0.34 0.42 0.11 0.20 0.26 3.45 -0.00 0.23 -0.00 0.23 0.17 0.20 0.26 
>Euryale_ferox_KY392765 0.63 0.42 0.35 3.37 0.35 0.44 0.35 0.14 0.06 3.36 0.23 -0.00 0.23 0.17 0.11 0.14 0.14 
>Nuphar_pumila_MH050796 0.65 0.32 0.11 3.47 0.34 0.42 0.11 0.20 0.26 3.45 -0.00 0.23 -0.00 0.23 0.17 0.20 0.26 
>Nymphaea_ampla_KU189255 0.64 0.39 0.34 3.37 0.35 0.38 0.34 0.09 0.17 3.37 0.23 0.17 0.23 -0.00 0.06 0.09 0.14 
>Nymphaea_mexicana_NC_024542 0.60 0.33 0.29 3.37 0.29 0.35 0.29 0.03 0.11 3.36 0.17 0.11 0.17 0.06 -0.00 0.03 0.09 
>Nymphaea_alba_NC_006050 0.62 0.36 0.31 3.37 0.32 0.38 0.31 -0.00 0.14 3.36 0.20 0.14 0.20 0.09 0.03 -0.00 0.11 
>Nymphaea_jamesoniana_NC_031826 0.66 0.41 0.35 3.37 0.37 0.41 0.35 0.11 0.14 3.36 0.26 0.14 0.26 0.14 0.09 0.11 -0.00 
