17
>Cabomba_caroliniana_KT705317 -0.00 0.90 1.22 3.78 1.35 1.50 1.22 1.40 1.44 3.88 1.15 1.49 1.15 1.45 1.40 1.40 1.46 
>Brasenia_schreberi_NC_031343 0.90 -0.00 0.83 3.83 1.03 1.16 0.83 1.08 1.11 3.83 0.79 1.16 0.79 1.11 1.12 1.08 1.15 
>Nuphar_advena_NC_008788 1.22 0.83 -0.00 3.58 0.51 0.67 -0.00 0.54 0.58 3.58 0.08 0.60 0.08 0.63 0.60 0.54 0.63 
>Trithuria_inconspicua_NC_020372 3.78 3.83 3.58 -0.00 3.59 3.58 3.58 3.63 3.63 0.09 3.52 3.69 3.52 3.71 3.62 3.63 3.64 
>Barclaya_kunstleri_KY392762 1.35 1.03 0.51 3.59 -0.00 0.45 0.51 0.55 0.60 3.59 0.45 0.62 0.45 0.63 0.64 0.55 0.63 
>Barclaya_longifolia_KY284156 1.50 1.16 0.67 3.58 0.45 -0.00 0.67 0.63 0.70 3.58 0.61 0.74 0.61 0.75 0.76 0.63 0.75 
>Nuphar_longifolia_MH050795 1.22 0.83 -0.00 3.58 0.51 0.67 -0.00 0.54 0.58 3.58 0.08 0.60 0.08 0.63 0.60 0.54 0.63 
>Nymphaea_alba_KU234277 1.40 1.08 0.54 3.63 0.55 0.63 0.54 -0.00 0.17 3.63 0.50 0.20 0.50 0.24 0.17 -0.00 0.21 
>Victoria_cruziana_KY001813 1.44 1.11 0.58 3.63 0.60 0.70 0.58 0.17 -0.00 3.63 0.53 0.15 0.53 0.25 0.25 0.17 0.22 
>Trithuria_filamentosa_KF696682 3.88 3.83 3.58 0.09 3.59 3.58 3.58 3.63 3.63 -0.00 3.52 3.69 3.52 3.71 3.62 3.63 3.64 
>Nuphar_shimadae_MH050797 1.15 0.79 0.08 3.52 0.45 0.61 0.08 0.50 0.53 3.52 -0.00 0.56 -0.00 0.58 0.56 0.50 0.59 
>Euryale_ferox_KY392765 1.49 1.16 0.60 3.69 0.62 0.74 0.60 0.20 0.15 3.69 0.56 -0.00 0.56 0.28 0.29 0.20 0.23 
>Nuphar_pumila_MH050796 1.15 0.79 0.08 3.52 0.45 0.61 0.08 0.50 0.53 3.52 -0.00 0.56 -0.00 0.58 0.56 0.50 0.59 
>Nymphaea_ampla_KU189255 1.45 1.11 0.63 3.71 0.63 0.75 0.63 0.24 0.25 3.71 0.58 0.28 0.58 -0.00 0.31 0.24 0.29 
>Nymphaea_mexicana_NC_024542 1.40 1.12 0.60 3.62 0.64 0.76 0.60 0.17 0.25 3.62 0.56 0.29 0.56 0.31 -0.00 0.17 0.28 
>Nymphaea_alba_NC_006050 1.40 1.08 0.54 3.63 0.55 0.63 0.54 -0.00 0.17 3.63 0.50 0.20 0.50 0.24 0.17 -0.00 0.21 
>Nymphaea_jamesoniana_NC_031826 1.46 1.15 0.63 3.64 0.63 0.75 0.63 0.21 0.22 3.64 0.59 0.23 0.59 0.29 0.28 0.21 -0.00 
