17
>Cabomba_caroliniana_KT705317 -0.00 0.18 0.27 1.55 0.28 0.30 0.27 0.22 0.23 1.56 0.24 0.24 0.24 0.23 0.21 0.22 0.23 
>Brasenia_schreberi_NC_031343 0.18 -0.00 0.15 1.57 0.20 0.21 0.15 0.12 0.14 1.56 0.12 0.15 0.12 0.13 0.11 0.12 0.14 
>Nuphar_advena_NC_008788 0.27 0.15 -0.00 1.51 0.17 0.19 -0.00 0.10 0.13 1.50 0.04 0.12 0.04 0.11 0.09 0.10 0.12 
>Trithuria_inconspicua_NC_020372 1.55 1.57 1.51 -0.00 1.49 1.53 1.51 1.51 1.54 0.04 1.52 1.53 1.52 1.52 1.51 1.51 1.52 
>Barclaya_kunstleri_KY392762 0.28 0.20 0.17 1.49 -0.00 0.12 0.17 0.11 0.13 1.49 0.13 0.12 0.13 0.12 0.10 0.11 0.13 
>Barclaya_longifolia_KY284156 0.30 0.21 0.19 1.53 0.12 -0.00 0.19 0.12 0.15 1.52 0.15 0.15 0.15 0.13 0.11 0.12 0.14 
>Nuphar_longifolia_MH050795 0.27 0.15 -0.00 1.51 0.17 0.19 -0.00 0.10 0.13 1.50 0.04 0.12 0.04 0.11 0.09 0.10 0.12 
>Nymphaea_alba_KU234277 0.22 0.12 0.10 1.51 0.11 0.12 0.10 -0.00 0.05 1.50 0.07 0.05 0.07 0.03 0.01 -0.00 0.04 
>Victoria_cruziana_KY001813 0.23 0.14 0.13 1.54 0.13 0.15 0.13 0.05 -0.00 1.53 0.09 0.02 0.09 0.06 0.04 0.05 0.05 
>Trithuria_filamentosa_KF696682 1.56 1.56 1.50 0.04 1.49 1.52 1.50 1.50 1.53 -0.00 1.50 1.51 1.50 1.51 1.50 1.50 1.51 
>Nuphar_shimadae_MH050797 0.24 0.12 0.04 1.52 0.13 0.15 0.04 0.07 0.09 1.50 -0.00 0.08 -0.00 0.08 0.06 0.07 0.08 
>Euryale_ferox_KY392765 0.24 0.15 0.12 1.53 0.12 0.15 0.12 0.05 0.02 1.51 0.08 -0.00 0.08 0.06 0.04 0.05 0.05 
>Nuphar_pumila_MH050796 0.24 0.12 0.04 1.52 0.13 0.15 0.04 0.07 0.09 1.50 -0.00 0.08 -0.00 0.08 0.06 0.07 0.08 
>Nymphaea_ampla_KU189255 0.23 0.13 0.11 1.52 0.12 0.13 0.11 0.03 0.06 1.51 0.08 0.06 0.08 -0.00 0.02 0.03 0.05 
>Nymphaea_mexicana_NC_024542 0.21 0.11 0.09 1.51 0.10 0.11 0.09 0.01 0.04 1.50 0.06 0.04 0.06 0.02 -0.00 0.01 0.03 
>Nymphaea_alba_NC_006050 0.22 0.12 0.10 1.51 0.11 0.12 0.10 -0.00 0.05 1.50 0.07 0.05 0.07 0.03 0.01 -0.00 0.04 
>Nymphaea_jamesoniana_NC_031826 0.23 0.14 0.12 1.52 0.13 0.14 0.12 0.04 0.05 1.51 0.08 0.05 0.08 0.05 0.03 0.04 -0.00 
