17
>Cabomba_caroliniana_KT705317 -0.00 0.82 1.16 5.08 1.15 1.34 1.16 0.97 0.96 5.08 1.02 0.99 1.02 1.01 0.95 0.97 1.03 
>Brasenia_schreberi_NC_031343 0.82 -0.00 0.62 4.69 0.82 0.94 0.62 0.58 0.64 4.69 0.51 0.68 0.51 0.63 0.53 0.58 0.68 
>Nuphar_advena_NC_008788 1.16 0.62 -0.00 4.69 0.70 0.85 -0.00 0.53 0.63 4.69 0.19 0.58 0.19 0.59 0.49 0.53 0.58 
>Trithuria_inconspicua_NC_020372 5.08 4.69 4.69 -0.00 4.38 4.38 4.69 4.50 4.50 0.16 4.69 4.50 4.69 4.50 4.50 4.50 4.50 
>Barclaya_kunstleri_KY392762 1.15 0.82 0.70 4.38 -0.00 0.60 0.70 0.50 0.55 4.38 0.53 0.55 0.53 0.57 0.47 0.50 0.58 
>Barclaya_longifolia_KY284156 1.34 0.94 0.85 4.38 0.60 -0.00 0.85 0.61 0.72 4.38 0.71 0.75 0.71 0.61 0.58 0.61 0.66 
>Nuphar_longifolia_MH050795 1.16 0.62 -0.00 4.69 0.70 0.85 -0.00 0.53 0.63 4.69 0.19 0.58 0.19 0.59 0.49 0.53 0.58 
>Nymphaea_alba_KU234277 0.97 0.58 0.53 4.50 0.50 0.61 0.53 -0.00 0.24 4.50 0.33 0.24 0.33 0.14 0.05 -0.00 0.19 
>Victoria_cruziana_KY001813 0.96 0.64 0.63 4.50 0.55 0.72 0.63 0.24 -0.00 4.50 0.43 0.10 0.43 0.29 0.19 0.24 0.24 
>Trithuria_filamentosa_KF696682 5.08 4.69 4.69 0.16 4.38 4.38 4.69 4.50 4.50 -0.00 4.69 4.50 4.69 4.50 4.50 4.50 4.50 
>Nuphar_shimadae_MH050797 1.02 0.51 0.19 4.69 0.53 0.71 0.19 0.33 0.43 4.69 -0.00 0.38 -0.00 0.39 0.29 0.33 0.42 
>Euryale_ferox_KY392765 0.99 0.68 0.58 4.50 0.55 0.75 0.58 0.24 0.10 4.50 0.38 -0.00 0.38 0.29 0.19 0.24 0.24 
>Nuphar_pumila_MH050796 1.02 0.51 0.19 4.69 0.53 0.71 0.19 0.33 0.43 4.69 -0.00 0.38 -0.00 0.39 0.29 0.33 0.42 
>Nymphaea_ampla_KU189255 1.01 0.63 0.59 4.50 0.57 0.61 0.59 0.14 0.29 4.50 0.39 0.29 0.39 -0.00 0.10 0.14 0.24 
>Nymphaea_mexicana_NC_024542 0.95 0.53 0.49 4.50 0.47 0.58 0.49 0.05 0.19 4.50 0.29 0.19 0.29 0.10 -0.00 0.05 0.14 
>Nymphaea_alba_NC_006050 0.97 0.58 0.53 4.50 0.50 0.61 0.53 -0.00 0.24 4.50 0.33 0.24 0.33 0.14 0.05 -0.00 0.19 
>Nymphaea_jamesoniana_NC_031826 1.03 0.68 0.58 4.50 0.58 0.66 0.58 0.19 0.24 4.50 0.42 0.24 0.42 0.24 0.14 0.19 -0.00 
