17
>Cabomba_caroliniana_KT705317 -0.00 0.10 0.14 0.85 0.16 0.16 0.14 0.12 0.13 0.85 0.13 0.13 0.13 0.13 0.12 0.12 0.13 
>Brasenia_schreberi_NC_031343 0.10 -0.00 0.08 0.86 0.11 0.12 0.08 0.07 0.08 0.85 0.06 0.08 0.06 0.08 0.07 0.07 0.08 
>Nuphar_advena_NC_008788 0.14 0.08 -0.00 0.83 0.09 0.09 -0.00 0.05 0.07 0.82 0.02 0.06 0.02 0.06 0.05 0.05 0.06 
>Trithuria_inconspicua_NC_020372 0.85 0.86 0.83 -0.00 0.82 0.83 0.83 0.84 0.85 0.02 0.84 0.84 0.84 0.84 0.83 0.84 0.84 
>Barclaya_kunstleri_KY392762 0.16 0.11 0.09 0.82 -0.00 0.06 0.09 0.06 0.07 0.82 0.07 0.07 0.07 0.06 0.05 0.06 0.07 
>Barclaya_longifolia_KY284156 0.16 0.12 0.09 0.83 0.06 -0.00 0.09 0.06 0.08 0.83 0.07 0.08 0.07 0.07 0.06 0.06 0.07 
>Nuphar_longifolia_MH050795 0.14 0.08 -0.00 0.83 0.09 0.09 -0.00 0.05 0.07 0.82 0.02 0.06 0.02 0.06 0.05 0.05 0.06 
>Nymphaea_alba_KU234277 0.12 0.07 0.05 0.84 0.06 0.06 0.05 -0.00 0.03 0.83 0.03 0.02 0.03 0.02 0.01 -0.00 0.02 
>Victoria_cruziana_KY001813 0.13 0.08 0.07 0.85 0.07 0.08 0.07 0.03 -0.00 0.84 0.05 0.01 0.05 0.03 0.02 0.03 0.03 
>Trithuria_filamentosa_KF696682 0.85 0.85 0.82 0.02 0.82 0.83 0.82 0.83 0.84 -0.00 0.83 0.83 0.83 0.83 0.82 0.83 0.83 
>Nuphar_shimadae_MH050797 0.13 0.06 0.02 0.84 0.07 0.07 0.02 0.03 0.05 0.83 -0.00 0.04 -0.00 0.04 0.03 0.03 0.04 
>Euryale_ferox_KY392765 0.13 0.08 0.06 0.84 0.07 0.08 0.06 0.02 0.01 0.83 0.04 -0.00 0.04 0.03 0.02 0.02 0.03 
>Nuphar_pumila_MH050796 0.13 0.06 0.02 0.84 0.07 0.07 0.02 0.03 0.05 0.83 -0.00 0.04 -0.00 0.04 0.03 0.03 0.04 
>Nymphaea_ampla_KU189255 0.13 0.08 0.06 0.84 0.06 0.07 0.06 0.02 0.03 0.83 0.04 0.03 0.04 -0.00 0.01 0.02 0.03 
>Nymphaea_mexicana_NC_024542 0.12 0.07 0.05 0.83 0.05 0.06 0.05 0.01 0.02 0.82 0.03 0.02 0.03 0.01 -0.00 0.01 0.02 
>Nymphaea_alba_NC_006050 0.12 0.07 0.05 0.84 0.06 0.06 0.05 -0.00 0.03 0.83 0.03 0.02 0.03 0.02 0.01 -0.00 0.02 
>Nymphaea_jamesoniana_NC_031826 0.13 0.08 0.06 0.84 0.07 0.07 0.06 0.02 0.03 0.83 0.04 0.03 0.04 0.03 0.02 0.02 -0.00 
