17
>Cabomba_caroliniana_KT705317 -0.00 0.58 0.78 2.66 0.91 0.99 0.78 0.90 0.92 2.70 0.74 0.95 0.74 0.94 0.91 0.90 0.94 
>Brasenia_schreberi_NC_031343 0.58 -0.00 0.52 2.69 0.67 0.77 0.52 0.67 0.69 2.69 0.50 0.73 0.50 0.70 0.72 0.67 0.72 
>Nuphar_advena_NC_008788 0.78 0.52 -0.00 2.47 0.32 0.42 -0.00 0.36 0.37 2.48 0.05 0.39 0.05 0.41 0.39 0.36 0.40 
>Trithuria_inconspicua_NC_020372 2.66 2.69 2.47 -0.00 2.47 2.53 2.47 2.53 2.55 0.06 2.46 2.55 2.46 2.58 2.54 2.53 2.53 
>Barclaya_kunstleri_KY392762 0.91 0.67 0.32 2.47 -0.00 0.27 0.32 0.35 0.37 2.48 0.28 0.38 0.28 0.40 0.40 0.35 0.39 
>Barclaya_longifolia_KY284156 0.99 0.77 0.42 2.53 0.27 -0.00 0.42 0.40 0.45 2.54 0.39 0.47 0.39 0.47 0.48 0.40 0.47 
>Nuphar_longifolia_MH050795 0.78 0.52 -0.00 2.47 0.32 0.42 -0.00 0.36 0.37 2.48 0.05 0.39 0.05 0.41 0.39 0.36 0.40 
>Nymphaea_alba_KU234277 0.90 0.67 0.36 2.53 0.35 0.40 0.36 -0.00 0.10 2.54 0.32 0.13 0.32 0.14 0.11 -0.00 0.13 
>Victoria_cruziana_KY001813 0.92 0.69 0.37 2.55 0.37 0.45 0.37 0.10 -0.00 2.56 0.34 0.09 0.34 0.16 0.15 0.10 0.13 
>Trithuria_filamentosa_KF696682 2.70 2.69 2.48 0.06 2.48 2.54 2.48 2.54 2.56 -0.00 2.46 2.56 2.46 2.58 2.54 2.54 2.54 
>Nuphar_shimadae_MH050797 0.74 0.50 0.05 2.46 0.28 0.39 0.05 0.32 0.34 2.46 -0.00 0.35 -0.00 0.37 0.35 0.32 0.37 
>Euryale_ferox_KY392765 0.95 0.73 0.39 2.55 0.38 0.47 0.39 0.13 0.09 2.56 0.35 -0.00 0.35 0.17 0.18 0.13 0.14 
>Nuphar_pumila_MH050796 0.74 0.50 0.05 2.46 0.28 0.39 0.05 0.32 0.34 2.46 -0.00 0.35 -0.00 0.37 0.35 0.32 0.37 
>Nymphaea_ampla_KU189255 0.94 0.70 0.41 2.58 0.40 0.47 0.41 0.14 0.16 2.58 0.37 0.17 0.37 -0.00 0.19 0.14 0.18 
>Nymphaea_mexicana_NC_024542 0.91 0.72 0.39 2.54 0.40 0.48 0.39 0.11 0.15 2.54 0.35 0.18 0.35 0.19 -0.00 0.11 0.17 
>Nymphaea_alba_NC_006050 0.90 0.67 0.36 2.53 0.35 0.40 0.36 -0.00 0.10 2.54 0.32 0.13 0.32 0.14 0.11 -0.00 0.13 
>Nymphaea_jamesoniana_NC_031826 0.94 0.72 0.40 2.53 0.39 0.47 0.40 0.13 0.13 2.54 0.37 0.14 0.37 0.18 0.17 0.13 -0.00 
